$ANSIBLE_VAULT;1.1;AES256
61646137383035643061376561663835333133323164666130393432323934326236373666663962
6634646161356662376539316561626538626437626431310a336264363765363363363661643339
30313462346534313761343436313636643364383563383362623366356132373334356333646661
3364376535356463350a303062306639353239646231663337346430333438383634623634386631
31366233613636653434313831373335613065626430626131323732353434396135333332643938
30636631633431323733653266616535643934326465333863666232636637633737643337626539
38656230373664633361643531656637363937626163323532306165326331316133636332386165
38396537393364643430653864623630373330663064346232373339323363666138323237343665
66663733343665353038353636613136633261346433333565323434303663373037316561366461
66636263346565363961646233393032346236323330376134373664663961353832303232656339
61366237376530616563326435626161653838336465346563326631353537656236663639393237
37653565323934383365616561366665626434323735336164366664663636336238333137396262
31663764643064636535633334646166396336646230353761656362323861643238643831333935
33353634343265643632366134663062336166653137653436353835366363653834393963653638
35636133633662396536396331633934613266303138383330343630363638666132386235623937
33373438643765366130393136343233313862333139353663393637303437653935363863333164
33613562306263336265393964333232616130363465303037393337353036653638653733363934
34623032663938353965396135623936646136393334373731636439333264333532393335613164
35653536396365636161303930393234386563613734383966386537666464333237326462343161
61616233613939333737623666636163376330343139386635373132326535346637653138613938
39626431356165363134393361343461663164613965616564303232613264373437633031303736
33633564383564643666396462383735363330653662336333343466623435346330663936646366
66373234623537393565323839333237613361303937386164656466383435653037343638303666
34366133643030336161393037626366326234386236353933663161653861323038653630646235
65613862666238613436306233323763306235306236393032646436333165633634386539376434
33383732663831653263376430313032633034313939656164616630333739643739316365363064
36643635626439613431663762336331643935313034393966616364313634636632623462373661
63616139643635623561656132313237373331316264666533643930313737393336386438363231
66646337363834356461616430336363383366393338393130333738363031326462383264656239
63663863316631343362313861333366373263316536613131313663303361323830653435613162
38313731323262613631306163393431363563333266343566623039316462343936613236336530
35626363356633623632353437386632316634613263623066633336323466386231333863306530
36346435396636393236333136353762333837613663653630316639376134623038343035336636
61346231366238613431636261326230303765343931393466666334316239613634313366303338
35656135383937363565666431333030313630303665656138346463383834333565343834303561
35626138313464396663666330653638316432633630623463336662663732386566363932386237
65306238623636346334353634396561316634326239306634316630616436663432356631326165
33363139383536343063663737393133343064313933656166313766383939333333636335393862
38306465303439363631313735346631313937336164306233333632616538313865663639313837
62616666633539303936393032396538336335386562636130353530666239646333646665323532
31353832373234326164623462333935653436326666386235326562313632353462396232383234
63653533623838643362643165316533663334663632336566313734616263626666306633663064
34653639623732343736656265333564653835653666306131326136326562323932346136313761
66353436313461336639313239363239363463383430316638383930353465326435393937343530
39343935626338313437393735316463323232333534373339643763656163326631333631306566
62393035376162363139643361363635326636386261646534653639643965383130633061336461
30393762303430666333383036373937363638303938666361666262653635323362626132663036
61333166343432613631633032333739363664656137643137373132653263643132376433323039
34313433316261393963623536386531373436383763313732653339373336386464626434613536
36616164393332323663336464396531363464363130646533393561343733626562303231376165
61613434616162323630643431316262613262386137656466306337386636386435303766396263
65656430386438643063393466336236653739356135373563383039653162333062373931333133
61353765323862353838623539666534363766383737303634326439386239643966353330323130
61383837326263333262313636313038343139346165613832616163646336663834613937333232
64366635356634393839663930393338633637376162323539643065633939646566313161633438
37363039656430653932303037386634336637626434336466333930616364313632383133343231
31616664663462643434386136396139316362343934613332326233623037386432313661383333
36343065643830376462346564333037633431346335633262656239356662653730373331656661
36313837616434633431323837393566373136376263636337656335313831313338393431336266
33313063373064643065623263653530653963323335366139356662376639346630356232363966
39333965373262343461663334623431376137653639623633613133316463613462363932326461
38613137643034613530336232343563323338383033363263386162643538323162393034613739
34656131663165323361643938383734303465663130343233633735326237373833303336313566
37623636326464313035303036393266323434373634323834326138623265623433356134396534
64326434323031383564666531396537653336346637396463663038336365356333613632366539
66626235663334353334633162343932386434656635333032336138323133383433363234646335
31313236656131373261636639396631383336653736376634653866346661623865373463343137
64646638626230653435613038343435303231663336333535303132366263616638643935396137
33353935333864383734616233313232313231313830303465616661386336613633313038626462
36353732393736653034666661306163356531623864663039363465313739343036653564346365
35633439613430333361303538366661313662363831333933663436386261336264636565363239
30386339373164346135373339316163313262343561373964356264333539623135363838323237
61313665396136666337633063653962666439613266646265666138373535636263376236346534
38613139636661346564373164646434376363366237636332303838656331623530316430363763
64346132636131636536366166326335636331623736613334666266393534363034343765616230
33663033313061303562626437336639353136656530363030323333393466353939333964383436
66613630653033636438663537313564376435643036383734326162323639636161666637663335
36613536373232616539356662633966383337326635353365343832366136313538333666366432
31613062346135316136633264313963376164623365376332333062393566313037333664303361
31626235626638646366373961373763383638626335356365643062646339613431393837343862
33326464656635346366616235306636373835663265316465663665643866616562393938353764
30333863646432636135633631393965303030396432653634363433363066343262383266666432
35656439346262666334363836643034343931653362653463326235663462636335333631303230
63346338613432343664323830313233646664643463306538616534376332316236303966343131
66386464363731396261663437356666366563646166396361366230393734616366303737323834
34626263393933316136373839393539373132383439396362393330653436613334393736313730
64303038353532333038343766393533333130366266313636663033396631303962376234303933
30666138636138323032303131383061376538306635353765313037373433366233316566323966
30306366346665643166373364666532386335356233623232383235653132613261366530626637
34346363363431356662353162393665323164326232613636346466643830386438663934373732
33656433613936653236363931333332346132366335373634653164323830643661313566656534
31333566613937383236666136376561333833613036386533393866343135376133656161386237
36316638613936343131663139636462653133396436313936623163623061326236633131316438
39396237346461386632623536643439656138356536633765626538376630666162316266326261
34643934353365333030623239643436333762303631643439343163353836366639373835636135
61343835366135636339373632663063373566323732366534303339633734616537343036393539
61353636646137363631373464313135626333393935656262393439383738653936336363306265
37306636373230663035396234323364323136623363643430396434613534323132366538373739
36643731613030366666356462396264336462663635396136336466303931633530313931653435
39313462623332313164633233363662313333613764383935623131393433383430396132656565
30663361326539666332323862633433303561383638643939636562306666363730323938656366
38343661633665326134363631343137656365303138646266353034313865626466626335616232
62373236663864623636346634353931353637626461633863326162323430313563386261653233
66613536326665663631363634616230646530663464656632393934333335633135656264636266
66653236343537663835633564353435396164376533663639626436653339336363363166356438
62373838393631646233373234663633386333663532643537396432343730346234626533323838
37633936626231633566303466376661393063393031633764343361653665343030343831373730
33616130663530323135613532653532346532636366656132343734643965643766326336386334
32613065333465326564303534336561633362626562313734353065646264376132663062343665
31393931316466303664643634363163653164396265656137363032626165616133373834303633
35613662316164666463303033613531373039366339313735353766623632613266666239383865
37343064393832366431376531656235643032646162626138633933303966306665393135346538
37376137303061643764303063623234643664343161666334653762616238313433313634343262
65346537663763376138376531653537653166663530643335653062626239613432613039663737
61623832393234386434636338333165666437316637393966393461363731613134376536373130
33333864633666623636333461363266633932333637326464363465643461643138353536366664
37383465396635643462396431393338356437386466316261626130353565303237656538376530
30653737306562393264393736393961636334643737366265616664616130666132356631306661
66343366313539343338653138316235613633643265373063313836306235373838393763626162
34306336376537663538636537613465666163643136346538653835326636313538356537306661
65613136656336653837323264373536376431333239353539383530643066313862663331636131
62326666373766326635643964303735623661646566636535346662306237396531336331323364
34306133303239626232663161343830303961613736353966356230636139646465373138616562
62353866653539346234356637643533363336663639323937623731313766316535303562653264
36363265383166666565616137383637356539363565643830316238383163326462323232643663
38633034323866646636353264343532316463363164353561323263353834643465643261613266
31653832336530326531323265666232383661396339656633343532613633613435633133623932
35643436623739666439343661646438353933393839326466313763366666336638666562366631
64373434356463656363323431356364373861346564613437653431623436663532643333323932
35343966366636376332313730333039306533343933656366643339613435333239323564333735
62613065616531666534383635633832663764643130633030633164383635333935386465643565
32346233656431633838633666313730376662646431643838616165393330323166613136363434
61393731333261373064326638623838643939336266626466386438353333323734303063363762
3137336361306662346439383861613330383263663764316330
